image: map_nav.pgm
resolution: 0.050000
origin: [-4.245202, -11.110971, 0.000000]
#origin: [-10.0, -22.8, 0.000000]
negate: 0
occupied_thresh: 0.65
free_thresh: 0.196

